sv_scene_outc = [[1.628547715, 1.199721246, -1.537327882];
[1.695797946, 2.89751084, -2.448305352];
[1.689907454, 2.549712997, -1.716298523];
[1.66139834, 2.181728777, -1.534596711];
[1.700622665, 2.571866167, -1.649665052];
[1.613907012, 1.113092952, -1.024443346];
[1.685937158, 0.2348407621, -0.8610752334];
[1.685682735, 0.2193178839, -0.8575429246];
[1.61837351, 1.32735864, -1.068229615];
[1.688710459, 0.1514788553, -0.8194564325];
[1.68689649, 0.1918150415, -0.81112548];
[1.919487304, 5.533182183, -2.746793174];
[1.906319954, 5.432964764, -2.581500909];
[1.866430701, 5.155803936, -2.333923111];
[1.66112672, 2.351619693, -1.202232081];
[1.705948959, 3.197693619, -1.470810204];
[1.876980315, 5.063661685, -2.172808446];
[1.869434038, 5.091116003, -2.135946469];
[1.701152688, 2.321215647, -1.114537014];
[1.765311906, 3.617774307, -1.510902082];
[1.736058026, 3.632057684, -1.435439297];
[1.752892437, 3.624288482, -1.411693914];
[1.511890606, -3.109548815, -1.137222107];
[1.758968882, 3.764314065, -1.34917467];
[1.753594612, 3.802229278, -1.349006103];
[1.812263971, 5.019399171, -1.202018098];
[1.834165187, 4.871149365, -1.151009009];
[1.58025103, -0.8139931774, -1.580637034];
[1.5494607, 1.614690426, -1.916764629];
[1.616126947, 1.181279891, -1.702889436];
[1.627520742, 1.168485264, -1.701120072];
[1.628820954, 1.228879013, -1.695441882];
[1.650182939, -0.8372181856, -1.492504345];
[1.662092972, -1.004327211, -1.4783428];
[1.617944318, 1.211519916, -1.528961481];
[1.625220148, 1.269934007, -1.546853665];
[1.651996583, -0.3284642165, -1.240328989];
[1.628879839, 2.435068486, -2.120174479];
[1.68228937, 3.0072045, -2.46901694];
[1.659293313, 2.446918182, -2.077561616];
[1.647851768, 1.863347331, -1.727449546];
[1.718387389, 2.921161676, -2.297507539];
[1.654132803, 1.958488826, -1.642232778];
[1.561937252, -1.637007969, -1.417106454];
[1.779102803, 3.266660733, -2.283113661];
[1.626148358, 1.313608953, -1.271328128];
[1.60422799, -1.69507206, -1.390603284];
[1.710489274, 3.70059766, -2.347399655];
[1.618105447, 1.339412875, -1.201316261];
[1.679939984, 2.554381769, -1.745483998];
[2.158864775, 5.085408006, -3.056316901];
[1.619243329, 1.345770461, -1.165630754];
[1.603087673, 0.2869370572, -0.8820131214];
[1.682113302, 0.1626761453, -0.8976457361];
[1.67986033, 2.479487172, -1.604416838];
[1.702500258, 2.987423588, -1.836462505];
[1.562509748, -2.069169458, -1.375669024];
[2.081856579, 5.178418728, -2.95381391];
[1.611434491, 1.126226169, -1.038422397];
[1.68535054, 0.2051498542, -0.8814521047];
[1.688267283, 0.1910225578, -0.8706091333];
[1.566183721, -2.460995314, -1.509212274];
[1.613226994, 1.304439724, -1.073327746];
[1.625049963, 1.362842824, -1.091729958];
[1.969816793, 5.130961956, -2.645758906];
[-0.5873529093, 3.13946682, -1.531242575];
[1.687820103, 0.1764990516, -0.8062142757];
[1.916995824, 4.853085395, -2.500801281];
[1.688902584, 0.1539252363, -0.7817081153];
[1.683862795, 0.2240088538, -0.7814194684];
[1.874333955, 4.347140325, -2.200463212];
[1.848912096, 4.832751326, -2.400895709];
[1.634898395, -1.978198144, -1.191284161];
[1.686768733, 0.1837068224, -0.7741786811];
[1.751026777, 4.515108115, -2.213532711];
[1.790088188, 4.483061191, -2.197935207];
[1.839946623, 4.509907127, -2.155424152];
[1.891694062, 5.369305936, -2.525849225];
[1.640513658, 2.009486323, -1.147414625];
[1.664280245, 2.319765949, -1.248999761];
[1.922183943, 5.223289353, -2.407914115];
[1.645006841, 2.228261348, -1.182022027];
[1.853963563, 4.582100772, -2.095536464];
[1.996180251, 6.541359122, -2.876743796];
[1.748159326, 2.499504097, -1.280135842];
[1.843703033, 4.712969226, -2.102959982];
[1.675119648, 2.606194501, -1.283948945];
[1.6675575, 2.696450292, -1.326243363];
[1.833607722, 4.602384209, -2.038030856];
[1.861941792, 4.826094479, -2.086639785];
[1.685909106, 2.715293826, -1.279105609];
[1.702794151, 3.313230968, -1.490778856];
[1.665044744, 2.610010239, -1.228650169];
[1.61409124, 1.194296521, -0.7941194033];
[1.615749, 1.394712383, -0.8354979732];
[1.865083847, 5.333995904, -2.198899887];
[1.701042251, 2.913758646, -1.309076638];
[-0.5994168538, 2.196446519, -0.8831322262];
[1.59999411, 1.131048995, -0.7594230761];
[2.039183037, 7.621911724, -3.043271126];
[1.612117403, 1.163573486, -0.7689526325];
[1.754135633, 2.792691847, -1.259293853];
[1.922441002, 6.301613975, -2.49140803];
[1.591977903, -2.987901003, -1.275527955];
[1.853488916, 4.652504925, -1.796781526];
[-0.6556984802, 6.808557776, -2.404965871];
[1.712462187, 3.765238282, -1.438703594];
[1.790925159, 4.020690379, -1.521173249];
[-0.5398249917, 7.138690944, -2.425982774];
[1.848300907, 5.671063811, -2.011348382];
[1.746918076, 3.88165629, -1.361345706];
[1.740383556, 3.675433321, -1.286830402];
[1.76529043, 4.081381556, -1.401576274];
[1.806488742, 4.313945012, -1.420012136];
[-0.5555645097, 6.499222975, -1.977366001];
[1.965234323, 6.235778015, -1.941217116];
[1.61012342, 1.211297532, -0.5847015433];
[1.879979132, 6.282389568, -1.873327711];
[1.935121799, 6.271199939, -1.864553131];
[2.095808783, 7.360697676, -2.145920531];
[2.011269833, 7.396824961, -2.133297375];
[1.979743468, 7.562305537, -2.166425476];
[-0.5506972563, 6.612526345, -1.825938375];
[-0.7588694019, 6.031451748, -1.659750868];
[1.703701498, 3.420346736, -1.01317474];
[1.682657116, 4.445312996, -1.267259714];
[1.754274831, 4.084508143, -1.133189737];
[1.95364074, 6.528507043, -1.725837505];
[2.169558067, 9.827085494, -2.512049274];
[1.9096902, 5.510410817, -1.455612707];
[-0.2882602021, 10.3604519, -2.584139898];
[2.038502155, 8.272145395, -2.061115622];
[1.650028063, -1.092367978, -0.4736097851];
[1.839679892, 5.349026746, -1.316360481];
[2.15902635, 11.202901, -2.579800022];
[-0.4307664914, 8.43244085, -1.902611769];
[1.817532701, 4.926567623, -1.1667575];
[2.261465349, 11.2491231, -2.478862703];
[2.422274505, 12.99729923, -2.812858369];
[1.72460025, 3.687063697, -0.7544289163];
[1.694871166, 3.327709147, -0.6829926671];
[1.688436106, 2.774461091, -0.5906805898];
[1.749970862, 4.333772217, -0.8384186641];
[2.068440393, 11.29092187, -2.035586577];
[1.610171462, 3.607885386, -0.7070026548];
[-0.6817567177, 6.625629563, -1.169611606];
[-0.6011520227, 2.408191651, -0.3359229138];
[-0.1995389426, 7.168645308, -0.9336702073];
[1.232890522, 6.963407774, -0.8781232593];
[-0.0709251321, 7.000819605, -0.8454519767];
[-0.05635251079, 5.583967396, -0.6053057502];
[-0.4752795281, 2.89929699, -0.3142117614];
[1.160729444, 5.752686348, -0.6188958225];
[1.120787381, 5.775769799, -0.5847558674];
[-0.5385612102, 4.927168569, -0.4847782352];
[1.005510066, 3.727942699, -0.2840651279];
[1.002633252, 3.86411012, -0.2759776256];
[1.684907928, 0.1524401929, -0.8673002498];
[2.004512438, 5.305401905, -2.799713364];
[1.993145279, 5.290538547, -2.601778604];
[1.758836156, 3.675152321, -1.513381543];
[1.567430616, 1.482830049, -1.974395663];
[1.578334656, -0.8113610784, -1.582385732];
[1.647211627, 1.427321955, -1.921424578];
[1.649317465, -0.3266343722, -1.441366642];
[1.61405117, 1.182402304, -1.700856398];
[1.628784903, 1.168275805, -1.698790157];
[1.632797346, -0.3634225626, -1.405213941];
[1.645178469, -0.8242110428, -1.508961356];
[1.672112464, -0.8121312705, -1.509625742];
[1.624114921, 1.250187257, -1.650681277];
[1.642542084, 1.682960905, -1.885177399];
[1.654554149, -0.5674497172, -1.367529621];
[1.670679009, -0.6010116279, -1.37528479];
[1.644007901, -0.3091407966, -1.272212463];
[1.703072579, 2.20044251, -2.052436151];
[1.652064901, 2.911186936, -2.446628306];
[1.687881784, 3.009210687, -2.474982039];
[1.653250697, -0.542918243, -1.234574408];
[1.665775328, -0.6146187648, -1.256279148];
[1.713517215, 2.44403632, -2.106911547];
[1.690450458, 2.346214588, -2.031757374];
[-0.5683504361, 2.514870181, -1.797860162];
[1.660180426, 1.87717188, -1.736890918];
[1.697391251, 3.135300298, -2.438286219];
[-0.5580728142, 2.933499428, -2.022190593];
[1.645686393, 1.973239397, -1.730009519];
[1.72226067, 2.928303624, -2.297532946];
