sv_scene_outc = [[0.09707657325, 0.04242907946, 0.08353956644];
[0.0942607824, 0.09676154095, 0.08121461273];
[0.09432404757, 0.01830273695, 0.07403134778];
[0.09584759467, 0.05006997612, 0.08225101823];
[0.0950265123, 0.0326593016, 0.07749798488];
[0.09619195057, 0.04775870254, 0.08377585685];
[0.1051551019, -0.3063890148, 0.09365932977];
[0.09508962857, 0.05610937338, 0.08575288569];
[0.09475355175, 0.03175240768, 0.07284294898];
[0.08938840974, 0.0481573481, 0.08896399461];
[0.09033959839, 0.04594952528, 0.09045051347];
[0.09442816759, 0.09778120963, 0.07946624699];
[0.08933739453, 0.09310294339, 0.08262522716];
[0.0948304286, 0.01664215932, 0.07281565358];
[0.09799481386, 0.0642374633, 0.03093958967];
[0.09549442312, 0.05750360326, 0.08469905472];
[0.09460071019, 0.04767882831, 0.08528608807];
[0.09409117049, 0.01721463603, 0.0724999472];
[0.09137272205, -0.1073152085, 0.07519166271];
[0.09554543459, 0.03290346033, 0.0686875311];
[0.09490009493, 0.02074541033, 0.07914612783];
[-0.03940764929, -0.1354887756, 0.03529970625];
[0.08922924989, 0.09406717666, 0.08024343335];
[0.09160016301, -0.1908365688, 0.08526547183];
[0.09298967311, -0.1532833692, 0.08291451839];
[0.102942929, -0.2365521489, 0.06119561465];
[0.09682538134, -0.1194612704, 0.09612658727];
[0.0944238129, 0.05999308513, 0.01267027081];
[0.1042921282, -0.1678883786, 0.06259845715];
[-0.03217233986, -0.3742364934, 0.09205258701];
[0.09571365256, -0.170707057, 0.1351828345];
[0.09891711919, -0.1804137358, 0.09116762935];
[0.09315165644, 0.07779047447, 0.05154783959];
[0.09483938342, 0.02424962314, 0.02209256156];
[0.08914217574, 0.1354388177, 0.03864096473];
[0.1063513241, -0.284489423, 0.0726706372];
[0.09410243727, 0.01941571088, 0.02980797478];
[0.09525176444, -0.1814095539, 0.1143315835];
[0.09661216045, -0.2795183205, 0.03910712531];
[0.09102904935, 0.1733697389, 0.05696249906];
[-0.03447242162, -0.1357485037, 0.0233765848];
[0.1012647873, -0.2259820704, 0.1245496616];
[0.09928990781, -0.162723874, 0.1327004678];
[-0.03157070262, -0.1596727048, 0.02773976424];
[-0.01830023944, -0.4297528699, 0.09831346627];
[0.08988913194, 0.1247378691, 0.06641873395];
[0.09334664486, 0.06122515959, 0.02177449646];
[0.1176343792, -0.4122674736, 0.1249019611];
[0.09400028961, 0.0427222009, 0.02576867095];
[0.09669232531, -0.1616464542, 0.02287450888];
[-0.02164801807, -0.7973435158, 0.2353234464];
[0.1403825404, -0.6495282392, 0.1923624546];
[0.1082588619, -0.2633929525, 0.1369334957];
[-0.03268621283, -0.1741334606, 0.11878806];
[0.09896239295, -0.1930205114, 0.07527833496];
[-0.02383797911, -0.4488537369, 0.08007636055];
[0.09258880387, 0.1348104727, 0.08141715411];
[0.09414539048, 0.03648494922, 0.00676209237];
[0.08833086347, 0.1721844111, 0.06376268597];
[-0.0349373493, -0.1420110487, 0.0529823189];
[-0.05198725215, 0.1146999329, -0.002108014051];
[0.1026550808, -0.2054246191, 0.08530401945];
[0.09379065788, -0.0836308352, 0.02144136125];
[0.09047039047, 0.194662585, 0.05538140507];
[0.09510000559, -0.0757656675, 0.04175643242];
[0.1131757587, -0.3604797423, 0.1056095077];
[0.09670839398, -0.1322305633, 0.06941558241];
[0.1199419843, -0.430997202, 0.1436571731];
[0.09126975963, -0.07954659943, 0.02290673276];
[-0.03245886958, -0.1477783483, 0.06915774307];
[0.09448384988, 0.04373695793, 0.0119130584];
[-0.03408111549, -0.1581562218, 0.0391111195];
[-0.03641520113, -0.1379219831, 0.03363215536];
[-0.03448764763, -0.1259381202, 0.03887326041];
[0.09135508661, 0.1825093158, 0.04310468566];
[-0.03470707491, -0.1251253548, 0.04960368887];
[0.1054196271, -0.2647873677, 0.122829919];
[0.09298861861, 0.1879403629, 0.05305947758];
[0.09521751618, 0.04601431157, 0.02159810907];
[-0.04288812523, -0.3350018056, 0.05917436767];
[0.09349993478, 0.1212594379, 0.06622965323];
[0.09750867787, -0.1611939546, 0.07983087003];
[0.09779817886, -0.2009350277, 0.04284482444];
[0.0947792526, 0.03612097627, 0.0300777241];
[0.08464808225, 0.09004362681, -0.007113418978];
[-0.03315230095, -0.1485465234, 0.08116120671];
[0.09468920994, 0.03958439573, 0.02434185366];
[0.07414761095, -0.3753942458, 0.04262022957];
[-0.03264720792, -0.1519717879, 0.05443069463];
[0.09502029871, 0.03561153987, 0.02581776173];
[0.06041512685, -0.2246577646, 0.01825219219];
[0.1012810696, -0.1695401687, 0.1377551817];
[0.1048338617, -0.2761586108, 0.05729294351];
[0.09840564143, -0.1834041669, 0.08706447743];
[0.1214570749, -0.4925713833, 0.1791566288];
[-0.04786647997, -0.3057709572, 0.126737015];
[0.09340898541, 0.06150876454, -0.003535332909];
[-0.03443011851, -0.3914531136, 0.06794873319];
[-0.02991081451, -0.4107959049, 0.07009189943];
[0.09971492208, -0.1803716949, 0.08380872377];
[0.09845070532, -0.1836341893, 0.0557976397];
[0.09930521081, -0.2026612586, 0.0475113122];
[0.09329861107, -0.07131411832, 0.09212767746];
[-0.03673058874, -0.364650746, 0.05934469777];
[-0.01859041639, -0.534066267, 0.1402683885];
[0.0940910998, 0.02174973176, 0.02656773282];
[0.06671895582, -0.2193680276, 0.01478758358];
[-0.03549822549, -0.2590344794, 0.02569120807];
[0.1006163411, -0.1767466853, 0.09646902033];
[0.08204590464, -1.455906227, 0.3435427227];
[0.118420817, -0.4510547491, 0.1806299869];
[0.1163282116, -0.4185953497, 0.1606952378];
[0.09335128253, -0.0703518103, 0.09656125731];
[0.108211337, -0.3036741085, 0.09709699748];
[0.1083091644, -0.3014523523, 0.1502911753];
[0.1000135463, -0.2020199977, 0.05919664988];
[0.09270207476, -0.07939014436, 0.04597757332];
[0.09729343107, -0.192856342, 0.03882645879];
[0.09740887596, -0.1629497425, 0.0839255424];
[-0.1110539959, 0.746927336, -0.06485185126];
[-0.02486342152, -0.4617509984, 0.07156450179];
[0.1004648437, -0.2174016279, 0.07867057912];
[0.0987622927, -1.061066389, 0.1920742579];
[0.1084221081, -0.3274929956, 0.1428853366];
[-0.0005550419761, -0.3455506869, 0.04403443395];
[0.09062700777, -0.08733634967, 0.0265758155];
[0.09303772182, 0.2111159211, 0.04840593199];
[0.1076640827, -0.2925908854, 0.08659955315];
[0.1150724192, -0.3986120079, 0.1477288507];
[0.103719973, -0.2613945301, 0.1276633035];
[0.1684389695, -0.8915554917, 0.1831629911];
[0.09191131832, -0.07751123209, 0.04699372666];
[0.1029594424, -0.220239166, 0.09128660491];
[0.1018955936, -0.2311895956, 0.1089212785];
[0.1008450406, -0.1744965066, 0.1295970669];
[0.1186874475, -0.470465859, 0.1594510133];
[0.00869828863, -0.6886832033, 0.1377856302];
[0.09545644719, 0.08138345938, 0.06474049624];
[0.09951874585, -0.1700972927, 0.1325639698];
[0.2063740747, -1.544287615, 0.3250265732];
[0.09186717784, 0.02749703662, 0.005704500666];
[0.09423155467, -0.112770278, 0.07178099752];
[0.1027553636, -0.2386292419, 0.0828963522];
[-0.03953158996, -0.3753732193, 0.04885056973];
[0.09460511154, -0.08225340436, 0.1104866806];
[-0.04312992597, -0.3453860122, 0.05523349878];
[0.0933303892, 0.1543268441, 0.07756382909];
[0.1054531371, -0.303233608, 0.06955116052];
[0.1037584946, -0.2383947724, 0.09420318481];
[0.09873143227, -0.1878845714, 0.03415302361];
[-0.03017261922, -0.3642975952, 0.0765192395];
[-0.02802656008, -0.4314232947, 0.05999011153];
[0.107651359, -0.2574415841, 0.1243055874];
[0.1200713441, -0.4439046922, 0.1577175317];
[0.1240081687, -0.4807975699, 0.1381639262];
[0.1116302229, -0.3024964896, 0.1399618742];
[0.09376482271, -0.0691795863, 0.08765741858];
[0.09457567788, -0.1074733124, 0.099102104];
[0.009359576819, -0.8540817498, 0.2000963117];
[-0.02979008929, -0.3891394661, 0.1177571233];
[0.1494918778, -0.791538458, 0.1815123851];
[0.1169524551, -0.4140652417, 0.1450334987];
[0.1073039995, -0.3179373823, 0.1165674919];
[-0.03403687466, -0.1360741042, 0.03545937557];
[0.1144078595, -0.3687955445, 0.1500516894];
[0.0923938872, 0.2024783044, 0.05200437332];
[-0.01930511, -0.5097338921, 0.1003820384];
[0.1511520668, -0.917673628, 0.2513242315];
[0.1002969596, -0.2068295939, 0.03340895248];
[-0.0357892284, -0.3626352409, 0.1281726075];
[0.09935973727, -0.1920480148, 0.03711246171];
[-0.0338989638, -0.1390383569, 0.03792631168];
